../../../.git/annex/objects/6g/Q8/MD5E-s163137790--f8cc36403ea6e79244d3287caa2bf722.tsv/MD5E-s163137790--f8cc36403ea6e79244d3287caa2bf722.tsv